2023-12-12T15:34:38.495Z| 0
2023-12-12T15:34:47.330Z| 0
2023-12-12T15:34:57.349Z| 0
2023-12-12T15:35:07.403Z| 0
2023-12-12T15:35:17.319Z| 0
2023-12-12T15:35:27.370Z| 0
2023-12-12T15:35:37.377Z| 0
2023-12-12T15:35:47.367Z| 0
2023-12-12T15:35:58.820Z| 0
2023-12-12T15:36:07.367Z| 0
2023-12-12T15:36:17.595Z| 0
2023-12-12T15:36:27.363Z| 0
2023-12-12T15:36:39.013Z| 0
2023-12-12T15:36:47.382Z| 0
2023-12-12T15:36:57.416Z| 0
2023-12-12T15:37:07.386Z| 0
2023-12-12T15:37:17.252Z| 0
2023-12-12T15:37:27.402Z| 0
2023-12-12T15:37:37.347Z| 0
2023-12-12T15:37:47.567Z| 0
2023-12-12T15:37:57.388Z| 0
2023-12-12T15:38:07.423Z| 0
2023-12-12T15:38:17.483Z| 0
2023-12-12T15:38:27.471Z| 0
2023-12-12T15:38:37.434Z| 0
2023-12-12T15:38:47.440Z| 0
2023-12-12T15:38:57.453Z| 0
2023-12-12T15:39:07.382Z| 0
2023-12-12T15:39:18.489Z| 0
2023-12-12T15:39:27.411Z| 0
2023-12-12T15:39:39.125Z| 0
2023-12-12T15:39:47.504Z| 0
2023-12-12T15:39:57.512Z| 0
2023-12-12T15:40:07.533Z| 0
2023-12-12T15:40:17.459Z| 0
2023-12-12T15:40:27.337Z| 0
2023-12-12T15:41:00.960Z| 0
2023-12-12T15:41:10.801Z| 0
2023-12-12T15:41:20.979Z| 0
2023-12-12T15:41:31.028Z| 0
2023-12-12T15:41:40.776Z| 0
2023-12-12T15:41:50.852Z| 0
2023-12-12T15:42:00.809Z| 0
2023-12-12T15:42:10.822Z| 0
2023-12-12T15:42:20.738Z| 0
2023-12-12T15:42:31.053Z| 0
2023-12-12T15:42:40.761Z| 0
2023-12-12T15:42:50.855Z| 0
2023-12-12T15:43:00.870Z| 0
2023-12-12T15:43:10.863Z| 0
2023-12-12T15:43:21.014Z| 0
2023-12-12T15:43:30.864Z| 0
2023-12-12T15:43:40.957Z| 0
2023-12-12T15:43:50.843Z| 0
2023-12-12T15:44:00.753Z| 0
2023-12-12T15:44:11.198Z| 0
2023-12-12T15:44:21.029Z| 0
2023-12-12T15:44:30.845Z| 0
2023-12-12T15:44:40.970Z| 0
2023-12-12T15:44:50.877Z| 0
2023-12-12T15:45:00.812Z| 0
2023-12-12T15:45:10.909Z| 0
2023-12-12T15:45:20.806Z| 0
2023-12-12T15:45:31.024Z| 0
2023-12-12T15:45:40.962Z| 0
2023-12-12T15:45:50.926Z| 0
2023-12-12T15:46:00.795Z| 0
2023-12-12T15:46:10.852Z| 0
2023-12-12T15:46:20.945Z| 0
2023-12-12T15:46:30.893Z| 0
2023-12-12T15:46:40.986Z| 0
2023-12-12T15:46:50.879Z| 0
2023-12-12T15:47:01.664Z| 0
2023-12-12T15:47:10.909Z| 0
2023-12-12T15:47:20.844Z| 0
2023-12-12T15:47:30.889Z| 0
2023-12-12T15:47:40.925Z| 0
2023-12-12T15:47:50.816Z| 0
2023-12-12T15:48:00.936Z| 0
2023-12-12T15:48:10.958Z| 0
2023-12-12T15:48:21.001Z| 0
2023-12-12T15:48:30.939Z| 0
2023-12-12T15:48:40.876Z| 0
2023-12-12T15:48:50.847Z| 0
2023-12-12T15:49:00.940Z| 0
2023-12-12T15:49:10.853Z| 0
2023-12-12T15:49:20.817Z| 0
2023-12-12T15:49:30.880Z| 0
2023-12-12T15:49:41.060Z| 0
2023-12-12T15:49:50.919Z| 0
2023-12-12T15:50:00.826Z| 0
2023-12-12T15:50:10.924Z| 0
2023-12-12T15:50:20.908Z| 0
2023-12-12T15:50:30.921Z| 0
2023-12-12T15:50:41.005Z| 0
2023-12-12T15:50:50.872Z| 0
2023-12-12T15:51:00.929Z| 0
2023-12-12T15:51:10.824Z| 0
2023-12-12T15:51:20.987Z| 0
2023-12-12T15:51:30.933Z| 0
2023-12-12T15:51:41.269Z| 0
2023-12-12T15:51:50.929Z| 0
2023-12-12T15:52:01.093Z| 0
2023-12-12T15:52:11.008Z| 0
2023-12-12T15:52:20.960Z| 0
2023-12-12T15:52:30.913Z| 0
2023-12-12T15:52:40.937Z| 0
2023-12-12T15:52:50.935Z| 0
2023-12-12T15:53:00.906Z| 0
2023-12-12T15:53:10.925Z| 0
2023-12-12T15:53:20.905Z| 0
2023-12-12T15:53:30.962Z| 0
2023-12-12T15:53:41.040Z| 0
2023-12-12T15:54:07.493Z| 0, in: 100000000, out: 
2023-12-12T15:54:17.540Z| 0, in: 100000000, out: 
2023-12-12T15:54:49.676Z| 266, in: 100000, out: 105469,105362,105155,104736,104736,104531,103818,103818,103477,103429,103429,103373,103360,103263,103170,103159,103120,103025,103014,102984,102957,102921,102910,102881,102747,102735,102731,102720,102716,102708,102679,102643,102632,102442,102431,102428,102403,102403,102325,102311,102311,102311,102311,102299,102299,102163,102150,102124,102103,102099,102099,102088,101985,101907,101907,101907,101907,101907,101907,101848,101819,101785,101769,101745,101742,101733,101716,101701,101575,101546,101544,101517,101502,101502,101502,101502,101502,101502,101502,101502,101502,101502,101502,101502,101442,101354,101317,101317,101317,101317,101305,101283,101268,101262,101256,101243,101219,101181,101160,101154,101107,101097,101097,101097,101097,101097,101097,101097,101097,101097,101097,101097,101097,101097,101097,101097,101097,101097,101097,101097,101097,101097,101092,101034,101018,101015,100990,100983,100962,100959,100956,100938,100938,100938,100938,100913,100900,100900,100900,100900,100900,100900,100879,100810,100789,100784,100773,100769,100757,100716,100709,100692,100692,100692,100692,100692,100692,100692,100692,100692,100692,100692,100692,100692,100692,100692,100692,100692,100692,100692,100692,100692,100688,100682,100671,100667,100656,100655,100638,100584,100561,100554,100545,100533,100523,100523,100523,100523,100523,100523,100489,100483,100483,100483,100483,100483,100483,100483,100483,100483,100483,100483,100483,100482,100476,100465,100448,100435,100432,100409,100406,100392,100364,100364,100364,100350,100305,100291,100287,100287,100287,100287,100287,100287,100287,100287,100287,100287,100287,100287,100287,100260,100260,100221,100217,100215,100170,100159,100130,100120,100116,100109,100108,100108,100108,100108,100108,100108,100108,100085,100073,100066,100066,100066,100066,100066,100066,100066,100066,100066,100066,100066,100066,100066,100066,100066
2023-12-12T15:54:59.643Z| 266, in: 100000, out: 105469,105362,105155,104736,104736,104531,103818,103818,103477,103429,103429,103373,103360,103263,103170,103159,103120,103025,103014,102984,102957,102921,102910,102881,102747,102735,102731,102720,102716,102708,102679,102643,102632,102442,102431,102428,102403,102403,102325,102311,102311,102311,102311,102299,102299,102163,102150,102124,102103,102099,102099,102088,101985,101907,101907,101907,101907,101907,101907,101848,101819,101785,101769,101745,101742,101733,101716,101701,101575,101546,101544,101517,101502,101502,101502,101502,101502,101502,101502,101502,101502,101502,101502,101502,101442,101354,101317,101317,101317,101317,101305,101283,101268,101262,101256,101243,101219,101181,101160,101154,101107,101097,101097,101097,101097,101097,101097,101097,101097,101097,101097,101097,101097,101097,101097,101097,101097,101097,101097,101097,101097,101097,101092,101034,101018,101015,100990,100983,100962,100959,100956,100938,100938,100938,100938,100913,100900,100900,100900,100900,100900,100900,100879,100810,100789,100784,100773,100769,100757,100716,100709,100692,100692,100692,100692,100692,100692,100692,100692,100692,100692,100692,100692,100692,100692,100692,100692,100692,100692,100692,100692,100692,100688,100682,100671,100667,100656,100655,100638,100584,100561,100554,100545,100533,100523,100523,100523,100523,100523,100523,100489,100483,100483,100483,100483,100483,100483,100483,100483,100483,100483,100483,100483,100482,100476,100465,100448,100435,100432,100409,100406,100392,100364,100364,100364,100350,100305,100291,100287,100287,100287,100287,100287,100287,100287,100287,100287,100287,100287,100287,100287,100260,100260,100221,100217,100215,100170,100159,100130,100120,100116,100109,100108,100108,100108,100108,100108,100108,100108,100085,100073,100066,100066,100066,100066,100066,100066,100066,100066,100066,100066,100066,100066,100066,100066,100066
2023-12-12T15:55:09.558Z| 267, in: 100000, out: 105468,105362,105155,104736,104736,104531,103818,103818,103477,103429,103429,103373,103360,103263,103170,103159,103120,103025,103013,102984,102957,102921,102910,102881,102746,102735,102731,102720,102716,102708,102679,102643,102632,102442,102431,102427,102402,102402,102325,102311,102311,102311,102311,102299,102299,102163,102150,102124,102103,102099,102099,102087,101985,101907,101907,101907,101907,101907,101907,101847,101818,101785,101769,101745,101742,101733,101716,101701,101575,101546,101543,101517,101502,101502,101502,101502,101502,101502,101502,101502,101502,101502,101502,101502,101442,101354,101317,101317,101317,101317,101305,101282,101268,101261,101255,101243,101219,101181,101160,101154,101107,101097,101097,101097,101097,101097,101097,101097,101097,101097,101097,101097,101097,101097,101097,101097,101097,101097,101097,101097,101097,101097,101097,101091,101034,101018,101014,100990,100983,100962,100959,100956,100938,100938,100938,100938,100913,100900,100900,100900,100900,100900,100900,100879,100810,100789,100783,100772,100768,100756,100716,100709,100692,100692,100692,100692,100692,100692,100692,100692,100692,100692,100692,100692,100692,100692,100692,100692,100692,100692,100692,100692,100688,100682,100671,100667,100656,100654,100637,100583,100561,100554,100545,100532,100523,100523,100523,100523,100523,100523,100489,100483,100483,100483,100483,100483,100483,100483,100483,100483,100483,100483,100483,100482,100476,100465,100448,100436,100432,100409,100405,100391,100364,100364,100364,100350,100305,100291,100287,100287,100287,100287,100287,100287,100287,100287,100287,100287,100287,100287,100287,100260,100259,100220,100217,100215,100170,100159,100130,100120,100116,100109,100108,100108,100108,100108,100108,100108,100108,100085,100073,100066,100066,100066,100066,100066,100066,100066,100066,100066,100066,100066,100066,100066,100066,100066,100066
2023-12-12T15:55:19.545Z| 267, in: 100000, out: 105468,105362,105155,104736,104736,104531,103818,103818,103477,103429,103429,103373,103360,103263,103170,103159,103120,103025,103013,102984,102957,102921,102910,102881,102746,102735,102731,102720,102716,102708,102679,102643,102632,102442,102431,102427,102402,102402,102325,102311,102311,102311,102311,102299,102299,102163,102150,102124,102103,102099,102099,102087,101985,101907,101907,101907,101907,101907,101907,101847,101818,101785,101769,101745,101742,101733,101716,101701,101575,101546,101543,101517,101502,101502,101502,101502,101502,101502,101502,101502,101502,101502,101502,101502,101442,101354,101317,101317,101317,101317,101305,101282,101268,101261,101255,101243,101219,101181,101160,101154,101107,101097,101097,101097,101097,101097,101097,101097,101097,101097,101097,101097,101097,101097,101097,101097,101097,101097,101097,101097,101097,101097,101097,101091,101034,101018,101014,100990,100983,100962,100959,100956,100938,100938,100938,100938,100913,100900,100900,100900,100900,100900,100900,100879,100810,100789,100783,100772,100768,100756,100716,100709,100692,100692,100692,100692,100692,100692,100692,100692,100692,100692,100692,100692,100692,100692,100692,100692,100692,100692,100692,100692,100688,100682,100671,100667,100656,100654,100637,100583,100561,100554,100545,100532,100523,100523,100523,100523,100523,100523,100489,100483,100483,100483,100483,100483,100483,100483,100483,100483,100483,100483,100483,100482,100476,100465,100448,100436,100432,100409,100405,100391,100364,100364,100364,100350,100305,100291,100287,100287,100287,100287,100287,100287,100287,100287,100287,100287,100287,100287,100287,100260,100259,100220,100217,100215,100170,100159,100130,100120,100116,100109,100108,100108,100108,100108,100108,100108,100108,100085,100073,100066,100066,100066,100066,100066,100066,100066,100066,100066,100066,100066,100066,100066,100066,100066,100066
2023-12-12T15:55:29.620Z| 267, in: 100000, out: 105467,105362,105155,104736,104736,104531,103818,103818,103476,103429,103429,103373,103360,103262,103170,103159,103120,103023,103012,102983,102957,102921,102910,102881,102745,102734,102731,102720,102716,102708,102679,102643,102632,102442,102431,102426,102401,102401,102325,102311,102311,102311,102311,102299,102299,102163,102150,102124,102103,102099,102099,102086,101985,101907,101907,101907,101907,101907,101907,101846,101817,101785,101769,101745,101742,101733,101716,101701,101575,101546,101542,101517,101502,101502,101502,101502,101502,101502,101502,101502,101502,101502,101502,101502,101442,101354,101317,101317,101317,101317,101305,101281,101268,101260,101254,101243,101219,101181,101160,101154,101107,101097,101097,101097,101097,101097,101097,101097,101097,101097,101097,101097,101097,101097,101097,101097,101097,101097,101097,101097,101097,101097,101097,101090,101034,101018,101013,100990,100983,100962,100959,100956,100938,100938,100938,100938,100913,100900,100900,100900,100900,100900,100900,100879,100809,100788,100782,100771,100767,100755,100716,100709,100692,100692,100692,100692,100692,100692,100692,100692,100692,100692,100692,100692,100692,100692,100692,100692,100692,100692,100692,100692,100688,100682,100671,100667,100656,100653,100636,100582,100561,100554,100545,100531,100523,100523,100523,100523,100523,100523,100489,100483,100483,100483,100483,100483,100483,100483,100483,100483,100483,100483,100483,100482,100476,100464,100448,100437,100432,100409,100404,100390,100364,100364,100364,100350,100305,100291,100287,100287,100287,100287,100287,100287,100287,100287,100287,100287,100287,100287,100287,100260,100258,100219,100215,100215,100170,100159,100130,100120,100116,100109,100108,100108,100108,100108,100108,100108,100108,100085,100073,100066,100066,100066,100066,100066,100066,100066,100066,100066,100066,100066,100066,100066,100066,100066,100066
2023-12-12T15:55:39.669Z| 267, in: 100000, out: 105467,105362,105155,104736,104736,104531,103818,103818,103476,103429,103429,103373,103360,103262,103170,103159,103120,103023,103012,102983,102957,102921,102910,102881,102745,102734,102731,102720,102716,102708,102679,102643,102632,102442,102431,102426,102401,102401,102325,102311,102311,102311,102311,102299,102299,102163,102150,102124,102103,102099,102099,102086,101985,101907,101907,101907,101907,101907,101907,101846,101817,101785,101769,101745,101742,101733,101716,101701,101575,101546,101542,101517,101502,101502,101502,101502,101502,101502,101502,101502,101502,101502,101502,101502,101442,101354,101317,101317,101317,101317,101305,101281,101268,101260,101254,101243,101219,101181,101160,101154,101107,101097,101097,101097,101097,101097,101097,101097,101097,101097,101097,101097,101097,101097,101097,101097,101097,101097,101097,101097,101097,101097,101097,101090,101034,101018,101013,100990,100983,100962,100959,100956,100938,100938,100938,100938,100913,100900,100900,100900,100900,100900,100900,100879,100809,100788,100782,100771,100767,100755,100716,100709,100692,100692,100692,100692,100692,100692,100692,100692,100692,100692,100692,100692,100692,100692,100692,100692,100692,100692,100692,100692,100688,100682,100671,100667,100656,100653,100636,100582,100561,100554,100545,100531,100523,100523,100523,100523,100523,100523,100489,100483,100483,100483,100483,100483,100483,100483,100483,100483,100483,100483,100483,100482,100476,100464,100448,100437,100432,100409,100404,100390,100364,100364,100364,100350,100305,100291,100287,100287,100287,100287,100287,100287,100287,100287,100287,100287,100287,100287,100287,100260,100258,100219,100215,100215,100170,100159,100130,100120,100116,100109,100108,100108,100108,100108,100108,100108,100108,100085,100073,100066,100066,100066,100066,100066,100066,100066,100066,100066,100066,100066,100066,100066,100066,100066,100066
2023-12-12T15:55:49.963Z| 268, in: 100000, out: 105362,105356,105155,104736,104736,104531,103818,103818,103429,103429,103373,103367,103360,103170,103159,103153,103120,102957,102921,102915,102910,102904,102881,102875,102731,102720,102716,102708,102679,102643,102637,102632,102626,102442,102431,102325,102318,102311,102311,102311,102311,102299,102299,102293,102293,102163,102150,102124,102103,102099,102099,101985,101979,101907,101907,101907,101907,101907,101907,101785,101769,101745,101742,101739,101733,101716,101710,101701,101575,101546,101517,101502,101502,101502,101502,101502,101502,101502,101502,101502,101502,101502,101502,101442,101436,101354,101317,101317,101317,101317,101305,101268,101243,101219,101181,101175,101160,101154,101154,101148,101107,101097,101097,101097,101097,101097,101097,101097,101097,101097,101097,101097,101097,101097,101097,101097,101097,101097,101097,101097,101097,101097,101097,101097,101097,101097,101034,101018,100990,100984,100983,100962,100959,100956,100938,100938,100938,100938,100913,100907,100900,100900,100900,100900,100900,100900,100879,100716,100709,100703,100692,100692,100692,100692,100692,100692,100692,100692,100692,100692,100692,100692,100692,100692,100692,100692,100692,100688,100682,100682,100676,100671,100667,100665,100661,100656,100650,100561,100554,100548,100545,100542,100530,100523,100523,100523,100523,100523,100523,100489,100483,100483,100483,100483,100483,100483,100483,100483,100483,100483,100483,100483,100482,100476,100476,100448,100432,100426,100409,100364,100364,100364,100358,100350,100305,100299,100291,100287,100287,100287,100287,100287,100287,100287,100287,100287,100287,100287,100287,100285,100260,100215,100170,100159,100153,100130,100120,100116,100114,100110,100109,100108,100108,100108,100108,100108,100108,100108,100085,100073,100066,100066,100066,100066,100066,100066,100066,100066,100066,100066,100066,100066,100066,100066,100066,100066,100066,100066
2023-12-12T15:55:59.892Z| 268, in: 100000, out: 105356,105298,105155,104736,104736,104531,103818,103818,103429,103429,103367,103360,103310,103170,103153,103120,103096,102957,102915,102904,102875,102858,102847,102817,102731,102720,102716,102708,102679,102637,102626,102580,102569,102442,102431,102318,102311,102311,102311,102311,102293,102293,102262,102237,102237,102163,102150,102124,102103,102099,102099,101979,101922,101907,101907,101907,101907,101907,101907,101785,101769,101742,101739,101733,101710,101701,101683,101654,101575,101546,101517,101502,101502,101502,101502,101502,101502,101502,101502,101502,101502,101502,101502,101436,101379,101354,101317,101317,101317,101317,101305,101268,101243,101219,101175,101154,101148,101118,101107,101097,101097,101097,101097,101097,101097,101097,101097,101097,101097,101097,101097,101097,101097,101097,101097,101097,101097,101097,101097,101097,101097,101097,101097,101097,101097,101092,101034,101018,100984,100983,100962,100959,100956,100938,100938,100938,100938,100928,100907,100900,100900,100900,100900,100900,100900,100879,100851,100716,100703,100692,100692,100692,100692,100692,100692,100692,100692,100692,100692,100692,100692,100692,100692,100692,100692,100692,100682,100676,100665,100661,100650,100647,100626,100620,100609,100605,100594,100592,100561,100548,100523,100523,100523,100523,100523,100523,100492,100483,100483,100483,100483,100483,100483,100483,100483,100483,100483,100483,100483,100483,100480,100476,100476,100448,100427,100426,100421,100409,100370,100364,100358,100350,100303,100302,100299,100287,100287,100287,100287,100287,100287,100287,100287,100287,100287,100287,100287,100285,100243,100229,100215,100198,100170,100153,100130,100114,100110,100109,100108,100108,100108,100108,100108,100108,100108,100097,100085,100066,100066,100066,100066,100066,100066,100066,100066,100066,100066,100066,100066,100066,100066,100066,100066,100066,100066,100058,100055,100011
2023-12-12T15:56:09.566Z| 266, in: 100000, out: 105298,105227,105155,104736,104736,104531,103818,103818,103429,103429,103360,103310,103240,103170,103120,103096,103026,102957,102858,102847,102817,102789,102777,102748,102731,102720,102716,102708,102679,102580,102569,102511,102500,102442,102431,102311,102311,102311,102311,102262,102237,102237,102193,102168,102168,102163,102150,102124,102103,102099,102099,101922,101907,101907,101907,101907,101907,101907,101853,101785,101769,101742,101733,101701,101683,101654,101614,101585,101575,101546,101517,101502,101502,101502,101502,101502,101502,101502,101502,101502,101502,101502,101502,101379,101354,101317,101317,101317,101317,101311,101305,101268,101243,101219,101207,101139,101118,101107,101097,101097,101097,101097,101097,101097,101097,101097,101097,101097,101097,101097,101097,101097,101097,101097,101097,101097,101097,101097,101097,101097,101097,101097,101097,101092,101071,101050,101034,101023,101018,100983,100959,100956,100938,100938,100938,100938,100928,100900,100900,100900,100900,100900,100900,100879,100860,100851,100783,100735,100716,100692,100692,100692,100692,100692,100692,100692,100692,100692,100692,100692,100692,100692,100692,100692,100692,100692,100667,100647,100620,100609,100605,100604,100594,100579,100561,100552,100541,100538,100526,100523,100523,100523,100523,100523,100523,100492,100483,100483,100483,100483,100483,100483,100483,100483,100483,100483,100483,100483,100483,100476,100469,100448,100427,100424,100421,100409,100370,100364,100353,100350,100303,100302,100302,100287,100287,100287,100287,100287,100287,100287,100287,100287,100287,100287,100287,100243,100235,100229,100215,100198,100176,100170,100161,100130,100109,100108,100108,100108,100108,100108,100108,100108,100097,100085,100066,100066,100066,100066,100066,100066,100066,100066,100066,100066,100066,100066,100066,100066,100066,100066,100066,100066,100058,100055,100030,100011
2023-12-12T15:56:41.671Z| 16, in: 1000000, out: 1010250,1009568,1007536,1006856,1006095,1003481,1003401,1002803,1001812,1001809,1001697,1001464,1001135,1001020,1000469,1000389
2023-12-12T15:56:51.900Z| 16, in: 1000000, out: 1010250,1009568,1007536,1006856,1006095,1003481,1003401,1002803,1001812,1001809,1001697,1001464,1001135,1001020,1000469,1000389
2023-12-12T15:57:01.427Z| 16, in: 1000000, out: 1010250,1009568,1007536,1006856,1006095,1004870,1004191,1003481,1003401,1002803,1001812,1001809,1001464,1001135,1000469,1000389
2023-12-12T15:57:11.516Z| 16, in: 1000000, out: 1010250,1009568,1007536,1006856,1006095,1004870,1004191,1003481,1003401,1002803,1001812,1001809,1001464,1001135,1000469,1000389
2023-12-12T15:57:21.455Z| 16, in: 1000000, out: 1010250,1009568,1007536,1006856,1006095,1004870,1004191,1003481,1003401,1002803,1001812,1001809,1001464,1001135,1000469,1000389
2023-12-12T15:57:50.081Z| 0, in: 10000000, out: 
2023-12-12T15:57:59.918Z| 0, in: 10000000, out: 
2023-12-12T15:58:09.937Z| 0, in: 10000000, out: 
2023-12-12T15:58:19.943Z| 0, in: 10000000, out: 
2023-12-12T15:58:30.383Z| 0, in: 10000000, out: 
2023-12-12T15:58:39.915Z| 0, in: 10000000, out: 
2023-12-12T15:59:23.062Z| 0, in: 1000000000000, out: 
2023-12-12T15:59:33.057Z| 0, in: 1000000000000, out: 
2023-12-12T15:59:43.083Z| 0, in: 1000000000000, out: 
2023-12-12T15:59:52.981Z| 0, in: 1000000000000, out: 
2023-12-12T16:00:03.007Z| 0, in: 1000000000000, out: 
2023-12-12T16:00:13.106Z| 0, in: 1000000000000, out: 
2023-12-12T16:00:22.934Z| 0, in: 1000000000000, out: 
2023-12-12T16:00:33.663Z| 0, in: 1000000000000, out: 
2023-12-12T16:00:43.037Z| 0, in: 1000000000000, out: 
2023-12-12T16:00:53.278Z| 0, in: 1000000000000, out: 
2023-12-12T16:01:03.032Z| 0, in: 1000000000000, out: 
2023-12-12T16:01:13.079Z| 0, in: 1000000000000, out: 
2023-12-12T16:01:23.159Z| 0, in: 1000000000000, out: 
2023-12-12T16:01:33.195Z| 0, in: 1000000000000, out: 
2023-12-12T16:01:42.965Z| 0, in: 1000000000000, out: 
2023-12-12T16:01:53.027Z| 0, in: 1000000000000, out: 
2023-12-12T16:02:03.056Z| 0, in: 1000000000000, out: 
2023-12-12T16:02:13.031Z| 0, in: 1000000000000, out: 
2023-12-12T16:02:23.053Z| 0, in: 1000000000000, out: 
2023-12-12T16:02:33.053Z| 0, in: 1000000000000, out: 
2023-12-12T16:02:43.013Z| 0, in: 1000000000000, out: 
2023-12-12T16:02:53.255Z| 0, in: 1000000000000, out: 
2023-12-12T16:03:03.030Z| 0, in: 1000000000000, out: 
2023-12-12T16:03:13.048Z| 0, in: 1000000000000, out: 
2023-12-12T16:03:23.147Z| 0, in: 1000000000000, out: 
2023-12-12T16:03:33.037Z| 0, in: 1000000000000, out: 
2023-12-12T16:03:43.128Z| 0, in: 1000000000000, out: 
2023-12-12T16:03:53.411Z| 0, in: 1000000000000, out: 
2023-12-12T16:04:02.993Z| 0, in: 1000000000000, out: 
2023-12-12T16:04:13.426Z| 0, in: 1000000000000, out: 
2023-12-12T16:04:23.125Z| 0, in: 1000000000000, out: 
2023-12-12T16:04:33.287Z| 0, in: 1000000000000, out: 
2023-12-12T16:04:43.113Z| 0, in: 1000000000000, out: 
2023-12-12T16:04:53.170Z| 0, in: 1000000000000, out: 
2023-12-12T16:05:03.050Z| 0, in: 1000000000000, out: 
2023-12-12T16:05:13.097Z| 0, in: 1000000000000, out: 
2023-12-12T16:05:23.126Z| 0, in: 1000000000000, out: 
2023-12-12T16:05:33.122Z| 0, in: 1000000000000, out: 
2023-12-12T16:05:43.230Z| 0, in: 1000000000000, out: 
2023-12-12T16:05:53.060Z| 0, in: 1000000000000, out: 
2023-12-12T16:06:03.298Z| 0, in: 1000000000000, out: 
2023-12-12T16:06:13.038Z| 0, in: 1000000000000, out: 
2023-12-12T16:06:23.176Z| 0, in: 1000000000000, out: 
2023-12-12T16:06:33.129Z| 0, in: 1000000000000, out: 
2023-12-12T16:06:43.106Z| 0, in: 1000000000000, out: 
2023-12-12T16:06:53.060Z| 0, in: 1000000000000, out: 
2023-12-12T16:07:03.091Z| 0, in: 1000000000000, out: 
2023-12-12T16:07:13.104Z| 0, in: 1000000000000, out: 
2023-12-12T16:07:23.085Z| 0, in: 1000000000000, out: 
2023-12-12T16:07:33.119Z| 0, in: 1000000000000, out: 
2023-12-12T16:07:43.146Z| 0, in: 1000000000000, out: 
2023-12-12T16:07:53.574Z| 0, in: 1000000000000, out: 
2023-12-12T16:08:03.174Z| 0, in: 1000000000000, out: 
2023-12-12T16:08:13.345Z| 0, in: 1000000000000, out: 
2023-12-12T16:08:23.254Z| 0, in: 1000000000000, out: 
2023-12-12T16:08:33.191Z| 0, in: 1000000000000, out: 
2023-12-12T16:08:43.352Z| 0, in: 1000000000000, out: 
2023-12-12T16:08:53.163Z| 0, in: 1000000000000, out: 
2023-12-12T16:09:03.106Z| 0, in: 1000000000000, out: 
2023-12-12T16:09:13.341Z| 0, in: 1000000000000, out: 
2023-12-12T16:09:23.170Z| 0, in: 1000000000000, out: 
2023-12-12T16:09:33.031Z| 0, in: 1000000000000, out: 
2023-12-12T16:09:43.184Z| 0, in: 1000000000000, out: 
2023-12-12T16:09:53.167Z| 0, in: 1000000000000, out: 
2023-12-12T16:10:03.278Z| 0, in: 1000000000000, out: 
2023-12-12T16:10:13.166Z| 0, in: 1000000000000, out: 
2023-12-12T16:10:23.210Z| 0, in: 1000000000000, out: 
2023-12-12T16:10:33.231Z| 0, in: 1000000000000, out: 
2023-12-12T16:10:43.272Z| 0, in: 1000000000000, out: 
2023-12-12T16:10:53.325Z| 0, in: 1000000000000, out: 
2023-12-12T16:11:03.326Z| 0, in: 1000000000000, out: 
2023-12-12T16:11:13.326Z| 0, in: 1000000000000, out: 
2023-12-12T16:11:23.341Z| 0, in: 1000000000000, out: 
2023-12-12T16:11:33.544Z| 0, in: 1000000000000, out: 
2023-12-12T16:11:43.302Z| 0, in: 1000000000000, out: 
2023-12-12T16:11:53.678Z| 0, in: 1000000000000, out: 
2023-12-12T16:12:03.244Z| 0, in: 1000000000000, out: 
2023-12-12T16:12:13.274Z| 0, in: 1000000000000, out: 
2023-12-12T16:12:23.162Z| 0, in: 1000000000000, out: 
2023-12-12T16:12:33.295Z| 0, in: 1000000000000, out: 
2023-12-12T16:12:43.219Z| 0, in: 1000000000000, out: 
2023-12-12T16:12:53.250Z| 0, in: 1000000000000, out: 
2023-12-12T16:13:03.444Z| 0, in: 1000000000000, out: 
2023-12-12T16:13:13.376Z| 0, in: 1000000000000, out: 
2023-12-12T16:13:23.383Z| 0, in: 1000000000000, out: 
2023-12-12T16:13:33.278Z| 0, in: 1000000000000, out: 
2023-12-12T16:13:43.249Z| 0, in: 1000000000000, out: 
2023-12-12T16:13:53.377Z| 0, in: 1000000000000, out: 
2023-12-12T16:14:03.234Z| 0, in: 1000000000000, out: 
2023-12-12T16:14:13.301Z| 0, in: 1000000000000, out: 
2023-12-12T16:14:23.306Z| 0, in: 1000000000000, out: 
2023-12-12T16:14:33.354Z| 0, in: 1000000000000, out: 
2023-12-12T16:14:43.300Z| 0, in: 1000000000000, out: 
2023-12-12T16:14:53.346Z| 0, in: 1000000000000, out: 
2023-12-12T16:15:03.400Z| 0, in: 1000000000000, out: 
2023-12-12T16:15:13.318Z| 0, in: 1000000000000, out: 
2023-12-12T16:15:23.523Z| 0, in: 1000000000000, out: 
2023-12-12T16:15:33.338Z| 0, in: 1000000000000, out: 
2023-12-12T16:15:43.334Z| 0, in: 1000000000000, out: 
2023-12-12T16:15:53.345Z| 0, in: 1000000000000, out: 
2023-12-12T16:16:03.328Z| 0, in: 1000000000000, out: 
2023-12-12T16:16:13.295Z| 0, in: 1000000000000, out: 
2023-12-12T16:16:23.260Z| 0, in: 1000000000000, out: 
2023-12-12T16:16:33.331Z| 0, in: 1000000000000, out: 
2023-12-12T16:16:43.368Z| 0, in: 1000000000000, out: 
2023-12-12T16:16:53.400Z| 0, in: 1000000000000, out: 
2023-12-12T16:17:03.412Z| 0, in: 1000000000000, out: 
2023-12-12T16:17:13.373Z| 0, in: 1000000000000, out: 
2023-12-12T16:17:23.431Z| 0, in: 1000000000000, out: 
2023-12-12T16:17:33.328Z| 0, in: 1000000000000, out: 
2023-12-12T16:17:43.446Z| 0, in: 1000000000000, out: 
2023-12-12T16:17:53.429Z| 0, in: 1000000000000, out: 
2023-12-12T16:18:03.522Z| 0, in: 1000000000000, out: 
2023-12-12T16:18:13.416Z| 0, in: 1000000000000, out: 
2023-12-12T16:18:23.428Z| 0, in: 1000000000000, out: 
2023-12-12T16:18:33.439Z| 0, in: 1000000000000, out: 
2023-12-12T16:18:43.418Z| 0, in: 1000000000000, out: 
2023-12-12T16:18:53.455Z| 0, in: 1000000000000, out: 
2023-12-12T16:19:03.396Z| 0, in: 1000000000000, out: 
2023-12-12T16:19:13.544Z| 0, in: 1000000000000, out: 
2023-12-12T16:19:23.458Z| 0, in: 1000000000000, out: 
2023-12-12T16:19:33.496Z| 0, in: 1000000000000, out: 
2023-12-12T16:19:43.568Z| 0, in: 1000000000000, out: 
2023-12-12T16:19:53.490Z| 0, in: 1000000000000, out: 
2023-12-12T16:20:03.400Z| 0, in: 1000000000000, out: 
2023-12-12T16:20:13.606Z| 0, in: 1000000000000, out: 
2023-12-12T16:20:23.491Z| 0, in: 1000000000000, out: 
2023-12-12T16:20:33.436Z| 0, in: 1000000000000, out: 
2023-12-12T16:20:43.522Z| 0, in: 1000000000000, out: 
2023-12-12T16:20:53.401Z| 0, in: 1000000000000, out: 
2023-12-12T16:21:03.483Z| 0, in: 1000000000000, out: 
2023-12-12T16:21:13.739Z| 0, in: 1000000000000, out: 
2023-12-12T16:21:23.453Z| 0, in: 1000000000000, out: 
2023-12-12T16:21:33.380Z| 0, in: 1000000000000, out: 
2023-12-12T16:21:43.399Z| 0, in: 1000000000000, out: 
2023-12-12T16:21:53.364Z| 0, in: 1000000000000, out: 
2023-12-12T16:22:03.800Z| 0, in: 1000000000000, out: 
2023-12-12T16:22:13.648Z| 0, in: 1000000000000, out: 
2023-12-12T16:22:23.429Z| 0, in: 1000000000000, out: 
2023-12-12T16:22:33.429Z| 0, in: 1000000000000, out: 
2023-12-12T16:22:43.482Z| 0, in: 1000000000000, out: 
2023-12-12T16:22:53.626Z| 0, in: 1000000000000, out: 
2023-12-12T16:23:03.631Z| 0, in: 1000000000000, out: 
2023-12-12T16:23:13.352Z| 0, in: 1000000000000, out: 
2023-12-12T16:23:23.416Z| 0, in: 1000000000000, out: 
2023-12-12T16:23:33.470Z| 0, in: 1000000000000, out: 
2023-12-12T16:23:43.618Z| 0, in: 1000000000000, out: 
2023-12-12T16:23:53.609Z| 0, in: 1000000000000, out: 
2023-12-12T16:24:03.560Z| 0, in: 1000000000000, out: 
2023-12-12T16:24:13.582Z| 0, in: 1000000000000, out: 
2023-12-12T16:24:23.648Z| 0, in: 1000000000000, out: 
2023-12-12T16:24:33.677Z| 0, in: 1000000000000, out: 
2023-12-12T16:24:43.729Z| 0, in: 1000000000000, out: 
2023-12-12T16:24:53.713Z| 0, in: 1000000000000, out: 
2023-12-12T16:25:03.649Z| 0, in: 1000000000000, out: 
2023-12-12T16:25:13.648Z| 0, in: 1000000000000, out: 
2023-12-12T16:25:23.539Z| 0, in: 1000000000000, out: 
2023-12-12T16:25:33.653Z| 0, in: 1000000000000, out: 
2023-12-12T16:25:43.681Z| 0, in: 1000000000000, out: 
2023-12-12T16:25:53.649Z| 0, in: 1000000000000, out: 
2023-12-12T16:26:03.808Z| 0, in: 1000000000000, out: 
2023-12-12T16:26:13.704Z| 0, in: 1000000000000, out: 
2023-12-12T16:26:23.711Z| 0, in: 1000000000000, out: 
2023-12-12T16:26:33.709Z| 0, in: 1000000000000, out: 
2023-12-12T16:26:43.725Z| 0, in: 1000000000000, out: 
2023-12-12T16:26:53.766Z| 0, in: 1000000000000, out: 
2023-12-12T16:27:03.676Z| 0, in: 1000000000000, out: 
2023-12-12T16:27:13.626Z| 0, in: 1000000000000, out: 
2023-12-12T16:27:23.764Z| 0, in: 1000000000000, out: 
2023-12-12T16:27:34.186Z| 0, in: 1000000000000, out: 
2023-12-12T16:27:43.703Z| 0, in: 1000000000000, out: 
2023-12-12T16:27:53.824Z| 0, in: 1000000000000, out: 
2023-12-12T16:28:04.086Z| 0, in: 1000000000000, out: 
2023-12-12T16:28:13.762Z| 0, in: 1000000000000, out: 
2023-12-12T16:28:23.672Z| 0, in: 1000000000000, out: 
2023-12-12T16:28:33.765Z| 0, in: 1000000000000, out: 
2023-12-12T16:28:43.731Z| 0, in: 1000000000000, out: 
2023-12-12T16:28:53.820Z| 0, in: 1000000000000, out: 
2023-12-12T16:29:03.769Z| 0, in: 1000000000000, out: 
2023-12-12T16:29:13.742Z| 0, in: 1000000000000, out: 
2023-12-12T16:29:23.724Z| 0, in: 1000000000000, out: 
2023-12-12T16:29:33.899Z| 0, in: 1000000000000, out: 
2023-12-12T16:29:43.997Z| 0, in: 1000000000000, out: 
2023-12-12T16:29:53.874Z| 0, in: 1000000000000, out: 
2023-12-12T16:30:04.008Z| 0, in: 1000000000000, out: 
2023-12-12T16:30:13.734Z| 0, in: 1000000000000, out: 
2023-12-12T16:30:23.737Z| 0, in: 1000000000000, out: 
2023-12-12T16:30:33.907Z| 0, in: 1000000000000, out: 
2023-12-12T16:30:43.742Z| 0, in: 1000000000000, out: 
2023-12-12T16:30:53.779Z| 0, in: 1000000000000, out: 
2023-12-12T16:31:03.822Z| 0, in: 1000000000000, out: 
2023-12-12T16:31:13.763Z| 0, in: 1000000000000, out: 
2023-12-12T16:31:23.871Z| 0, in: 1000000000000, out: 
2023-12-12T16:31:33.770Z| 0, in: 1000000000000, out: 
2023-12-12T16:31:43.773Z| 0, in: 1000000000000, out: 
2023-12-12T16:31:53.862Z| 0, in: 1000000000000, out: 
2023-12-12T16:32:03.818Z| 0, in: 1000000000000, out: 
2023-12-12T16:32:13.949Z| 0, in: 1000000000000, out: 
2023-12-12T16:32:23.784Z| 0, in: 1000000000000, out: 
2023-12-12T16:32:33.844Z| 0, in: 1000000000000, out: 
2023-12-12T16:32:43.969Z| 0, in: 1000000000000, out: 
2023-12-12T16:32:53.838Z| 0, in: 1000000000000, out: 
2023-12-12T16:33:03.940Z| 0, in: 1000000000000, out: 
2023-12-12T16:33:13.849Z| 0, in: 1000000000000, out: 
2023-12-12T16:33:23.831Z| 0, in: 1000000000000, out: 
2023-12-12T16:33:33.850Z| 0, in: 1000000000000, out: 
2023-12-12T16:33:43.966Z| 0, in: 1000000000000, out: 
2023-12-12T16:33:53.904Z| 0, in: 1000000000000, out: 
2023-12-12T16:34:03.898Z| 0, in: 1000000000000, out: 
2023-12-12T16:34:14.076Z| 0, in: 1000000000000, out: 
2023-12-12T16:34:23.910Z| 0, in: 1000000000000, out: 
2023-12-12T16:34:33.696Z| 0, in: 1000000000000, out: 
2023-12-12T16:34:43.816Z| 0, in: 1000000000000, out: 
2023-12-12T16:34:54.135Z| 0, in: 1000000000000, out: 
2023-12-12T16:35:04.220Z| 0, in: 1000000000000, out: 
2023-12-12T16:35:13.845Z| 0, in: 1000000000000, out: 
2023-12-12T16:35:23.900Z| 0, in: 1000000000000, out: 
2023-12-12T16:35:33.808Z| 0, in: 1000000000000, out: 
2023-12-12T16:35:43.880Z| 0, in: 1000000000000, out: 
2023-12-12T16:35:53.748Z| 0, in: 1000000000000, out: 
2023-12-12T16:36:03.809Z| 0, in: 1000000000000, out: 
2023-12-12T16:36:13.902Z| 0, in: 1000000000000, out: 
2023-12-12T16:36:24.157Z| 0, in: 1000000000000, out: 
2023-12-12T16:36:33.791Z| 0, in: 1000000000000, out: 
2023-12-12T16:36:43.909Z| 0, in: 1000000000000, out: 
2023-12-12T16:36:54.214Z| 0, in: 1000000000000, out: 
2023-12-12T16:37:03.932Z| 0, in: 1000000000000, out: 
2023-12-12T16:37:13.838Z| 0, in: 1000000000000, out: 
2023-12-12T16:37:23.937Z| 0, in: 1000000000000, out: 
2023-12-12T16:37:33.820Z| 0, in: 1000000000000, out: 
2023-12-12T16:37:43.910Z| 0, in: 1000000000000, out: 
2023-12-12T16:37:53.937Z| 0, in: 1000000000000, out: 
2023-12-12T16:38:03.953Z| 0, in: 1000000000000, out: 
2023-12-12T16:38:14.029Z| 0, in: 1000000000000, out: 
2023-12-12T16:38:23.797Z| 0, in: 1000000000000, out: 
2023-12-12T16:38:33.946Z| 0, in: 1000000000000, out: 
2023-12-12T16:38:43.874Z| 0, in: 1000000000000, out: 
2023-12-12T16:38:54.012Z| 0, in: 1000000000000, out: 
2023-12-12T16:39:03.994Z| 0, in: 1000000000000, out: 
2023-12-12T16:39:13.881Z| 0, in: 1000000000000, out: 
2023-12-12T16:39:23.962Z| 0, in: 1000000000000, out: 
2023-12-12T16:39:34.029Z| 0, in: 1000000000000, out: 
2023-12-12T16:39:43.996Z| 0, in: 1000000000000, out: 
2023-12-12T16:39:54.077Z| 0, in: 1000000000000, out: 
2023-12-12T16:40:03.983Z| 0, in: 1000000000000, out: 
2023-12-12T16:40:14.356Z| 0, in: 1000000000000, out: 
2023-12-12T16:40:23.981Z| 0, in: 1000000000000, out: 
2023-12-12T16:40:34.073Z| 0, in: 1000000000000, out: 
2023-12-12T16:40:43.923Z| 0, in: 1000000000000, out: 
2023-12-12T16:41:38.632Z| 0, in: 2000000000000000000, out: 
2023-12-12T16:41:48.442Z| 0, in: 2000000000000000000, out: 
2023-12-12T16:42:33.319Z| 0, in: 2000000000000000000, out: 
2023-12-12T16:42:43.087Z| 0, in: 2000000000000000000, out: 
2023-12-12T16:42:53.183Z| 0, in: 2000000000000000000, out: 
2023-12-12T16:43:03.107Z| 0, in: 2000000000000000000, out: 
2023-12-12T16:43:13.245Z| 0, in: 2000000000000000000, out: 
2023-12-12T16:44:03.480Z| 0, in: 2000000000000000000, out: 
2023-12-12T16:44:13.427Z| 0, in: 2000000000000000000, out: 
2023-12-12T16:44:23.390Z| 0, in: 2000000000000000000, out: 
2023-12-12T16:44:33.452Z| 0, in: 2000000000000000000, out: 
2023-12-12T16:44:43.874Z| 0, in: 2000000000000000000, out: 
2023-12-12T16:44:53.308Z| 0, in: 2000000000000000000, out: 
2023-12-12T16:45:03.306Z| 0, in: 2000000000000000000, out: 
2023-12-12T16:45:56.005Z| 0, in: 2000000000000000000, out: 
2023-12-12T16:46:05.755Z| 0, in: 2000000000000000000, out: 
2023-12-12T16:46:15.785Z| 0, in: 2000000000000000000, out: 
2023-12-12T16:46:25.760Z| 0, in: 2000000000000000000, out: 
2023-12-12T16:46:35.863Z| 0, in: 2000000000000000000, out: 
2023-12-12T16:46:59.231Z| 0, in: 1000000000000000000, out: 
2023-12-12T16:47:09.095Z| 0, in: 1000000000000000000, out: 
2023-12-12T16:47:19.123Z| 0, in: 1000000000000000000, out: 
2023-12-12T16:47:29.156Z| 0, in: 1000000000000000000, out: 
2023-12-12T16:47:39.296Z| 0, in: 1000000000000000000, out: 
2023-12-12T16:47:49.231Z| 0, in: 1000000000000000000, out: 
2023-12-12T16:47:59.064Z| 0, in: 1000000000000000000, out: 
2023-12-12T16:48:31.691Z| 0, in: 100000000000000000, out: 
2023-12-12T16:48:41.488Z| 0, in: 100000000000000000, out: 
2023-12-12T16:53:30.921Z| 0, in: 10000000000000000, out: 
2023-12-12T16:53:40.939Z| 0, in: 10000000000000000, out: 
2023-12-12T16:53:50.853Z| 0, in: 10000000000000000, out: 
2023-12-12T16:54:00.925Z| 0, in: 10000000000000000, out: 
2023-12-12T16:54:10.839Z| 0, in: 10000000000000000, out: 
2023-12-12T16:54:20.880Z| 0, in: 10000000000000000, out: 
2023-12-12T16:54:30.922Z| 0, in: 10000000000000000, out: 
2023-12-12T16:54:40.944Z| 0, in: 10000000000000000, out: 
2023-12-12T16:54:50.844Z| 0, in: 10000000000000000, out: 
2023-12-12T16:55:00.759Z| 0, in: 10000000000000000, out: 
2023-12-12T16:55:10.907Z| 0, in: 10000000000000000, out: 
2023-12-12T16:55:20.925Z| 0, in: 10000000000000000, out: 
2023-12-12T16:55:30.796Z| 0, in: 10000000000000000, out: 
2023-12-12T16:55:40.892Z| 0, in: 10000000000000000, out: 
2023-12-12T16:55:50.932Z| 0, in: 10000000000000000, out: 
2023-12-12T16:56:00.903Z| 0, in: 10000000000000000, out: 
2023-12-12T16:56:10.923Z| 0, in: 10000000000000000, out: 
2023-12-12T16:56:20.943Z| 0, in: 10000000000000000, out: 
2023-12-12T16:56:30.826Z| 0, in: 10000000000000000, out: 
2023-12-12T16:56:41.005Z| 0, in: 10000000000000000, out: 
2023-12-12T16:56:50.887Z| 0, in: 10000000000000000, out: 
2023-12-12T16:57:00.916Z| 0, in: 10000000000000000, out: 
2023-12-12T16:57:10.878Z| 0, in: 10000000000000000, out: 
2023-12-12T16:57:20.923Z| 0, in: 10000000000000000, out: 
2023-12-12T16:57:30.985Z| 0, in: 10000000000000000, out: 
2023-12-12T16:57:40.958Z| 0, in: 10000000000000000, out: 
2023-12-12T16:57:51.011Z| 0, in: 10000000000000000, out: 
2023-12-12T16:58:01.001Z| 0, in: 10000000000000000, out: 
2023-12-12T16:58:11.005Z| 0, in: 10000000000000000, out: 
2023-12-12T16:58:20.885Z| 0, in: 10000000000000000, out: 
2023-12-12T16:58:30.886Z| 0, in: 10000000000000000, out: 
2023-12-12T16:58:41.026Z| 0, in: 10000000000000000, out: 
2023-12-12T16:58:51.036Z| 0, in: 10000000000000000, out: 
2023-12-12T16:59:01.003Z| 0, in: 10000000000000000, out: 
2023-12-12T16:59:11.423Z| 0, in: 10000000000000000, out: 
2023-12-12T16:59:21.222Z| 0, in: 10000000000000000, out: 
2023-12-12T16:59:30.919Z| 0, in: 10000000000000000, out: 
2023-12-12T16:59:40.981Z| 0, in: 10000000000000000, out: 
2023-12-12T16:59:50.959Z| 0, in: 10000000000000000, out: 
2023-12-12T17:00:01.037Z| 0, in: 10000000000000000, out: 
2023-12-12T17:00:11.807Z| 0, in: 10000000000000000, out: 
2023-12-12T17:00:20.778Z| 0, in: 10000000000000000, out: 
2023-12-12T17:00:31.167Z| 0, in: 10000000000000000, out: 
2023-12-12T17:00:40.758Z| 0, in: 10000000000000000, out: 
2023-12-12T17:00:50.741Z| 0, in: 10000000000000000, out: 
2023-12-12T17:01:01.511Z| 0, in: 10000000000000000, out: 
2023-12-12T17:01:11.235Z| 0, in: 10000000000000000, out: 
2023-12-12T17:01:21.161Z| 0, in: 10000000000000000, out: 
2023-12-12T17:01:30.957Z| 0, in: 10000000000000000, out: 
2023-12-12T17:01:40.890Z| 0, in: 10000000000000000, out: 
2023-12-12T17:01:51.759Z| 0, in: 10000000000000000, out: 
2023-12-12T17:02:01.158Z| 0, in: 10000000000000000, out: 
2023-12-12T17:02:11.174Z| 0, in: 10000000000000000, out: 
2023-12-12T17:02:21.156Z| 0, in: 10000000000000000, out: 
2023-12-12T17:02:30.830Z| 0, in: 10000000000000000, out: 
2023-12-12T17:02:40.823Z| 0, in: 10000000000000000, out: 
2023-12-12T17:02:50.644Z| 0, in: 10000000000000000, out: 
2023-12-12T17:03:00.786Z| 0, in: 10000000000000000, out: 
2023-12-12T17:03:10.921Z| 0, in: 10000000000000000, out: 
2023-12-12T17:03:20.813Z| 0, in: 10000000000000000, out: 
2023-12-12T17:03:31.289Z| 0, in: 10000000000000000, out: 
2023-12-12T17:03:40.993Z| 0, in: 10000000000000000, out: 
2023-12-12T17:03:50.877Z| 0, in: 10000000000000000, out: 
2023-12-12T17:04:00.878Z| 0, in: 10000000000000000, out: 
2023-12-12T17:04:11.175Z| 0, in: 10000000000000000, out: 
2023-12-12T17:04:20.923Z| 0, in: 10000000000000000, out: 
2023-12-12T17:04:30.916Z| 0, in: 10000000000000000, out: 
2023-12-12T17:04:40.962Z| 0, in: 10000000000000000, out: 
2023-12-12T17:04:50.868Z| 0, in: 10000000000000000, out: 
2023-12-12T17:05:01.355Z| 0, in: 10000000000000000, out: 
2023-12-12T17:05:11.203Z| 0, in: 10000000000000000, out: 
2023-12-12T17:05:20.765Z| 0, in: 10000000000000000, out: 
2023-12-12T17:05:31.272Z| 0, in: 10000000000000000, out: 
2023-12-12T17:05:41.592Z| 0, in: 10000000000000000, out: 
2023-12-12T17:05:50.949Z| 0, in: 10000000000000000, out: 
2023-12-12T17:06:01.269Z| 0, in: 10000000000000000, out: 
2023-12-12T17:06:11.024Z| 0, in: 10000000000000000, out: 
2023-12-12T17:06:20.757Z| 0, in: 10000000000000000, out: 
2023-12-12T17:06:31.468Z| 0, in: 10000000000000000, out: 
2023-12-12T17:06:40.946Z| 0, in: 10000000000000000, out: 
2023-12-12T17:06:51.714Z| 0, in: 10000000000000000, out: 
2023-12-12T17:07:01.346Z| 0, in: 10000000000000000, out: 
2023-12-12T17:07:10.972Z| 0, in: 10000000000000000, out: 
2023-12-12T17:07:20.872Z| 0, in: 10000000000000000, out: 
2023-12-12T17:07:31.260Z| 0, in: 10000000000000000, out: 
2023-12-12T17:07:41.751Z| 0, in: 10000000000000000, out: 
2023-12-12T17:07:50.909Z| 0, in: 10000000000000000, out: 
2023-12-12T17:08:00.908Z| 0, in: 10000000000000000, out: 
2023-12-12T17:08:10.764Z| 0, in: 10000000000000000, out: 
2023-12-12T17:08:21.292Z| 0, in: 10000000000000000, out: 
2023-12-12T17:08:31.433Z| 0, in: 10000000000000000, out: 
2023-12-12T17:08:41.096Z| 0, in: 10000000000000000, out: 
2023-12-12T17:08:51.285Z| 0, in: 10000000000000000, out: 
2023-12-12T17:09:00.979Z| 0, in: 10000000000000000, out: 
2023-12-12T17:09:10.814Z| 0, in: 10000000000000000, out: 
2023-12-12T17:09:21.062Z| 0, in: 10000000000000000, out: 
2023-12-12T17:09:30.905Z| 0, in: 10000000000000000, out: 
2023-12-12T17:09:41.489Z| 0, in: 10000000000000000, out: 
2023-12-12T17:09:50.738Z| 0, in: 10000000000000000, out: 
2023-12-12T17:10:01.412Z| 0, in: 10000000000000000, out: 
2023-12-12T17:10:11.336Z| 0, in: 10000000000000000, out: 
2023-12-12T17:10:21.363Z| 0, in: 10000000000000000, out: 
2023-12-12T17:10:31.058Z| 0, in: 10000000000000000, out: 
2023-12-12T17:10:41.619Z| 0, in: 10000000000000000, out: 
2023-12-12T17:10:50.940Z| 0, in: 10000000000000000, out: 
2023-12-12T17:11:01.370Z| 0, in: 10000000000000000, out: 
2023-12-12T17:11:10.848Z| 0, in: 10000000000000000, out: 
2023-12-12T17:11:21.297Z| 0, in: 10000000000000000, out: 
2023-12-12T17:11:31.008Z| 0, in: 10000000000000000, out: 
2023-12-12T17:11:40.970Z| 0, in: 10000000000000000, out: 
2023-12-12T17:11:50.979Z| 0, in: 10000000000000000, out: 
2023-12-12T17:12:01.844Z| 0, in: 10000000000000000, out: 
2023-12-12T17:12:11.103Z| 0, in: 10000000000000000, out: 
2023-12-12T17:12:20.795Z| 0, in: 10000000000000000, out: 
2023-12-12T17:12:30.995Z| 0, in: 10000000000000000, out: 
2023-12-12T17:12:41.526Z| 0, in: 10000000000000000, out: 
2023-12-12T17:12:51.074Z| 0, in: 10000000000000000, out: 
2023-12-12T17:13:01.428Z| 0, in: 10000000000000000, out: 
2023-12-12T17:13:11.396Z| 0, in: 10000000000000000, out: 
2023-12-12T17:13:21.073Z| 0, in: 10000000000000000, out: 
2023-12-12T17:13:31.078Z| 0, in: 10000000000000000, out: 
2023-12-12T17:13:41.199Z| 0, in: 10000000000000000, out: 
2023-12-12T17:13:51.382Z| 0, in: 10000000000000000, out: 
2023-12-12T17:14:01.869Z| 0, in: 10000000000000000, out: 
2023-12-12T17:14:11.082Z| 0, in: 10000000000000000, out: 
2023-12-12T17:14:21.156Z| 0, in: 10000000000000000, out: 
2023-12-12T17:14:30.950Z| 0, in: 10000000000000000, out: 
2023-12-12T17:14:41.295Z| 0, in: 10000000000000000, out: 
2023-12-12T17:14:50.875Z| 0, in: 10000000000000000, out: 
2023-12-12T17:15:01.891Z| 0, in: 10000000000000000, out: 
2023-12-12T17:15:11.091Z| 0, in: 10000000000000000, out: 
2023-12-12T17:15:21.076Z| 0, in: 10000000000000000, out: 
2023-12-12T17:15:31.414Z| 0, in: 10000000000000000, out: 
2023-12-12T17:15:41.094Z| 0, in: 10000000000000000, out: 
2023-12-12T17:15:51.102Z| 0, in: 10000000000000000, out: 
2023-12-12T17:16:01.939Z| 0, in: 10000000000000000, out: 
2023-12-12T17:16:11.191Z| 0, in: 10000000000000000, out: 
2023-12-12T17:16:21.002Z| 0, in: 10000000000000000, out: 
2023-12-12T17:16:31.133Z| 0, in: 10000000000000000, out: 
2023-12-12T17:16:41.173Z| 0, in: 10000000000000000, out: 
2023-12-12T17:16:51.188Z| 0, in: 10000000000000000, out: 
2023-12-12T17:17:01.907Z| 0, in: 10000000000000000, out: 
2023-12-12T17:17:11.510Z| 0, in: 10000000000000000, out: 
2023-12-12T17:17:21.538Z| 0, in: 10000000000000000, out: 
2023-12-12T17:17:30.998Z| 0, in: 10000000000000000, out: 
2023-12-12T17:17:41.226Z| 0, in: 10000000000000000, out: 
2023-12-12T17:17:50.951Z| 0, in: 10000000000000000, out: 
2023-12-12T17:18:01.563Z| 0, in: 10000000000000000, out: 
2023-12-12T17:18:11.854Z| 0, in: 10000000000000000, out: 
2023-12-12T17:18:21.524Z| 0, in: 10000000000000000, out: 
2023-12-12T17:18:31.538Z| 0, in: 10000000000000000, out: 
2023-12-12T17:18:41.288Z| 0, in: 10000000000000000, out: 
2023-12-12T17:18:51.016Z| 0, in: 10000000000000000, out: 
2023-12-12T17:19:01.913Z| 0, in: 10000000000000000, out: 
2023-12-12T17:19:11.202Z| 0, in: 10000000000000000, out: 
2023-12-12T17:19:21.184Z| 0, in: 10000000000000000, out: 
2023-12-12T17:19:31.504Z| 0, in: 10000000000000000, out: 
2023-12-12T17:19:41.217Z| 0, in: 10000000000000000, out: 
2023-12-12T17:19:51.156Z| 0, in: 10000000000000000, out: 
2023-12-12T17:20:01.225Z| 0, in: 10000000000000000, out: 
2023-12-12T17:20:11.207Z| 0, in: 10000000000000000, out: 
2023-12-12T17:20:21.223Z| 0, in: 10000000000000000, out: 
2023-12-12T17:20:31.555Z| 0, in: 10000000000000000, out: 
2023-12-12T17:20:41.257Z| 0, in: 10000000000000000, out: 
2023-12-12T17:20:50.963Z| 0, in: 10000000000000000, out: 
2023-12-12T17:21:01.511Z| 0, in: 10000000000000000, out: 
2023-12-12T17:21:11.067Z| 0, in: 10000000000000000, out: 
2023-12-12T17:21:20.987Z| 0, in: 10000000000000000, out: 
2023-12-12T17:21:31.004Z| 0, in: 10000000000000000, out: 
2023-12-12T17:21:41.126Z| 0, in: 10000000000000000, out: 
2023-12-12T17:21:51.130Z| 0, in: 10000000000000000, out: 
2023-12-12T17:22:01.963Z| 0, in: 10000000000000000, out: 
2023-12-12T17:22:11.582Z| 0, in: 10000000000000000, out: 
2023-12-12T17:22:21.255Z| 0, in: 10000000000000000, out: 
2023-12-12T17:22:31.632Z| 0, in: 10000000000000000, out: 
2023-12-12T17:22:41.061Z| 0, in: 10000000000000000, out: 
2023-12-12T17:22:51.199Z| 0, in: 10000000000000000, out: 
2023-12-12T17:23:02.006Z| 0, in: 10000000000000000, out: 
2023-12-12T17:23:11.696Z| 0, in: 10000000000000000, out: 
2023-12-12T17:23:21.665Z| 0, in: 10000000000000000, out: 
2023-12-12T17:23:31.939Z| 0, in: 10000000000000000, out: 
2023-12-12T17:23:41.266Z| 0, in: 10000000000000000, out: 
2023-12-12T17:23:51.292Z| 0, in: 10000000000000000, out: 
2023-12-12T17:24:01.685Z| 0, in: 10000000000000000, out: 
2023-12-12T17:24:11.267Z| 0, in: 10000000000000000, out: 
2023-12-12T17:24:21.668Z| 0, in: 10000000000000000, out: 
2023-12-12T17:24:31.123Z| 0, in: 10000000000000000, out: 
2023-12-12T17:24:41.323Z| 0, in: 10000000000000000, out: 
2023-12-12T17:24:51.139Z| 0, in: 10000000000000000, out: 
2023-12-12T17:25:02.084Z| 0, in: 10000000000000000, out: 
2023-12-12T17:25:11.236Z| 0, in: 10000000000000000, out: 
2023-12-12T17:25:21.337Z| 0, in: 10000000000000000, out: 
2023-12-12T17:25:31.718Z| 0, in: 10000000000000000, out: 
2023-12-12T17:25:41.199Z| 0, in: 10000000000000000, out: 
2023-12-12T17:25:51.353Z| 0, in: 10000000000000000, out: 
2023-12-12T17:26:02.079Z| 0, in: 10000000000000000, out: 
2023-12-12T17:26:11.721Z| 0, in: 10000000000000000, out: 
2023-12-12T17:26:21.326Z| 0, in: 10000000000000000, out: 
2023-12-12T17:26:31.112Z| 0, in: 10000000000000000, out: 
2023-12-12T17:26:41.423Z| 0, in: 10000000000000000, out: 
2023-12-12T17:26:51.250Z| 0, in: 10000000000000000, out: 
2023-12-12T17:27:02.103Z| 0, in: 10000000000000000, out: 
2023-12-12T17:27:11.692Z| 0, in: 10000000000000000, out: 
2023-12-12T17:27:21.277Z| 0, in: 10000000000000000, out: 
2023-12-12T17:27:31.398Z| 0, in: 10000000000000000, out: 
2023-12-12T17:27:42.024Z| 0, in: 10000000000000000, out: 
2023-12-12T17:27:51.124Z| 0, in: 10000000000000000, out: 
2023-12-12T17:28:02.220Z| 0, in: 10000000000000000, out: 
2023-12-12T17:28:11.329Z| 0, in: 10000000000000000, out: 
2023-12-12T17:28:21.786Z| 0, in: 10000000000000000, out: 
2023-12-12T17:28:31.112Z| 0, in: 10000000000000000, out: 
2023-12-12T17:28:41.207Z| 0, in: 10000000000000000, out: 
2023-12-12T17:28:52.138Z| 0, in: 10000000000000000, out: 
2023-12-12T17:29:01.796Z| 0, in: 10000000000000000, out: 
2023-12-12T17:29:11.158Z| 0, in: 10000000000000000, out: 
2023-12-12T17:29:21.173Z| 0, in: 10000000000000000, out: 
2023-12-12T17:29:31.694Z| 0, in: 10000000000000000, out: 
2023-12-12T17:29:41.117Z| 0, in: 10000000000000000, out: 
2023-12-12T17:29:51.158Z| 0, in: 10000000000000000, out: 
2023-12-12T17:30:01.290Z| 0, in: 10000000000000000, out: 
2023-12-12T17:30:11.712Z| 0, in: 10000000000000000, out: 
2023-12-12T17:30:21.146Z| 0, in: 10000000000000000, out: 
2023-12-12T17:30:31.410Z| 0, in: 10000000000000000, out: 
2023-12-12T17:30:41.165Z| 0, in: 10000000000000000, out: 
2023-12-12T17:30:51.249Z| 0, in: 10000000000000000, out: 
2023-12-12T17:31:01.290Z| 0, in: 10000000000000000, out: 
2023-12-12T17:31:11.215Z| 0, in: 10000000000000000, out: 
2023-12-12T17:31:21.779Z| 0, in: 10000000000000000, out: 
2023-12-12T17:31:31.196Z| 0, in: 10000000000000000, out: 
2023-12-12T17:31:41.183Z| 0, in: 10000000000000000, out: 
2023-12-12T17:31:51.433Z| 0, in: 10000000000000000, out: 
2023-12-12T17:32:01.439Z| 0, in: 10000000000000000, out: 
2023-12-12T17:32:11.748Z| 0, in: 10000000000000000, out: 
2023-12-12T17:32:21.703Z| 0, in: 10000000000000000, out: 
2023-12-12T17:32:31.537Z| 0, in: 10000000000000000, out: 
2023-12-12T17:32:41.429Z| 0, in: 10000000000000000, out: 
2023-12-12T17:32:51.726Z| 0, in: 10000000000000000, out: 
2023-12-12T17:33:01.232Z| 0, in: 10000000000000000, out: 
2023-12-12T17:33:11.476Z| 0, in: 10000000000000000, out: 
2023-12-12T17:33:21.253Z| 0, in: 10000000000000000, out: 
2023-12-12T17:33:31.429Z| 0, in: 10000000000000000, out: 
2023-12-12T17:33:41.794Z| 0, in: 10000000000000000, out: 
2023-12-12T17:33:51.791Z| 0, in: 10000000000000000, out: 
2023-12-12T17:34:02.118Z| 0, in: 10000000000000000, out: 
2023-12-12T17:34:11.801Z| 0, in: 10000000000000000, out: 
2023-12-12T17:34:21.242Z| 0, in: 10000000000000000, out: 
2023-12-12T17:34:31.384Z| 0, in: 10000000000000000, out: 
2023-12-28T16:14:43.585Z| 0, in: 10000000000000000, out: 
2023-12-28T16:15:29.726Z| 41, in: 1000000, out: 1008116,1006773,1005926,1005212,1005162,1003836,1003698,1003658,1003628,1003079,1002816,1002795,1002241,1002241,1001321,1001314,1001283,1001243,1001233,1001231,1001212,1001155,1001099,1000672,1000664,1000579,1000568,1000541,1000531,1000456,1000455,1000454,1000246,1000241,1000125,1000125,1000122,1000121,1000094,1000074,1000069
2023-12-28T16:16:31.772Z| 31, in: 1000000000000000000, out: 1020142501357024469,1014228821538472363,1011104503259293523,1009833952589498271,1007576222082858127,1006930650504552151,1005966359372201496,1004893704232984863,1004849235379738382,1004088859882563461,1004045589341287884,1003899694577034654,1003419234194689374,1003232524832860751,1003223211476678614,1002776453040025710,1002768090987674635,1002742308414361836,1002621311747946062,1002483658925405123,1002472824489114926,1002174607754693277,1001945448584014205,1001210195996929121,1000941820402343296,1000901205097076137,1000781679150714164,1000766770451365235,1000764887809868561,1000233220202766832,1000069266428826623
2023-12-28T16:18:47.684Z| 24, in: 1000000000000000000, out: 1015344387161332942,1014228821538472363,1011104503259293523,1006721530849718229,1005019069423071152,1004929135262731649,1004849235379738382,1004088859882563461,1003899694577034654,1003232524832860751,1002648262105066727,1002483658925405123,1002472824489114926,1001945448584014205,1000941820402343296,1000825999806312498,1000781679150714164,1000764887809868561,1000649755693374646,1000621533574044236,1000615382519161190,1000241173122391247,1000226128824974012,1000069266428826623
2023-12-28T16:19:21.193Z| 152, in: 1000000000000000000, out: 1027692137080927904,1027453908751819013,1026012838414108846,1022268433543009875,1021318210324059233,1016227226648476888,1015935580405294742,1015746765061493482,1015526923139578905,1015110782092203718,1014979356716054598,1014824643562743083,1014411231679555398,1013709713175769783,1013095344521604433,1012385734096534136,1011967514607892393,1011013865927325361,1010973758143238101,1010707469528344374,1010033369115312957,1009272370442160367,1009173944613520208,1008926770273188834,1008822694003600891,1008580631751211811,1008131903244775899,1008084153375305905,1007882181914311242,1007612023602237667,1007433444489732432,1007146959280410716,1007129469061119243,1006972336112423190,1006927053624643928,1006487098959213076,1006345830976285045,1006253824061602074,1005848944124820269,1005767263577073811,1005723798010973703,1005612295062226958,1005030580991842533,1004962822165556115,1004915114279079608,1004847732457319955,1004777852538310040,1004652788820909410,1004433741644598023,1004335462444848366,1004270118687310098,1004200946320087649,1004060047731751385,1004059812296914669,1003807979709680591,1003575519037734874,1003575330532396659,1003448319646942366,1003383419719547789,1003356353529593317,1003293153448199903,1003060624507979454,1003052768920914847,1002943609041211498,1002854847144604093,1002820605519712696,1002820296121893495,1002762381787318700,1002713579098400148,1002664734223568450,1002561289507296080,1002369562062841409,1002328931491411279,1002276195386050410,1002250969908607850,1002137248823934988,1002022393608205109,1001971230034716488,1001964341682580890,1001869314094934864,1001862116605414761,1001849853332351167,1001824630612898186,1001781384857540078,1001754363890240707,1001718452530853527,1001712257759578785,1001665132592807186,1001637117685805292,1001625023848967485,1001617232365620423,1001603164368209915,1001588598991874331,1001550990905188483,1001538406965684342,1001521001497728472,1001492757078444560,1001486601163234888,1001486249732237902,1001476900682034596,1001441080762957054,1001329327744491432,1001306287837351789,1001285233238175754,1001208984364331281,1001172426290774063,1001169539271942047,1001111787566616138,1001090828536997648,1001063452615609204,1001032810949623253,1001026154914607094,1001009649528678871,1000940053528734144,1000937506289343812,1000923715449306201,1000831444408506494,1000830620923244516,1000802395567682027,1000796243807443197,1000794110311456764,1000789738055814012,1000717600443023976,1000595011797438333,1000555572997968567,1000527039008119594,1000506743997807697,1000433739173467195,1000424979558276262,1000422172656089458,1000398398375114569,1000366540197545534,1000346652038577601,1000327650357782894,1000326505935705939,1000315227652171216,1000250065072789549,1000241582623352286,1000237554408457861,1000201878028924399,1000193120459434086,1000184575957320354,1000138368330417182,1000126210189888570,1000110162236279328,1000104531401280568,1000104014674099974,1000095813988962596,1000094622407604690,1000056660349468091,1000026052874857217,1000025440095627237
2023-12-28T16:24:46.183Z| 196, in: 1000000000000000000, out: 1030925160076446881,1028274582944524976,1025747975574795178,1024075131932165091,1023905199402825276,1023212547895392987,1022465557450882599,1019032248760766435,1018114021968592951,1018082056992085109,1017660697766291275,1017629701026077004,1017369133597899737,1017347326572788509,1017176171336433177,1016906113104440613,1016478544171625796,1016453742003595528,1016294544198614110,1015935580405294742,1015692424919758732,1015381395814304738,1015178027032553122,1015118987948396904,1015087932222816664,1014979356716054598,1014963213907564278,1014267361060104297,1014003739016010694,1013972716584958451,1013310231698510266,1013279231121501519,1012755123477965658,1012734211839412094,1012724122411374777,1012120564948281605,1012048873646085057,1011565437939558060,1011343795422042442,1011311605583048327,1010887284844552853,1010856070435594090,1010593674257159020,1010137745067413689,1010127408694657387,1009671872803242554,1009661585103411976,1009654350465084868,1009558963373613046,1009527959488067985,1009455523111997020,1009368523047350803,1009179163891402899,1009150092995939587,1009007671453905429,1008999984607349174,1008884912704149987,1008592046752515389,1008371737825842447,1008360449519972549,1008313269113432724,1008187211415501231,1008070746021120580,1007899248176039523,1007648373573869046,1007632239499873952,1007470274536109884,1007177623175992303,1007057806590460470,1006972336112423190,1006870665888610232,1006800647269205173,1006506524498139221,1006475309900594642,1006148499426989274,1006147403054666880,1006084420271325875,1006078536670603017,1005947587907461739,1005926532213400106,1005916373285855655,1005782832371135749,1005352694670229685,1005308663353719276,1005236479475610883,1005029406981018944,1004919180727024438,1004749725839680375,1004673600175033230,1004611020310235286,1004587334740902614,1004579666683681210,1004552666865375072,1004432532677647294,1004385901189091723,1004220479507061786,1004213875298690826,1004139650179753899,1004127957539669424,1003866648962024510,1003835929245789140,1003754039704721058,1003664826990950709,1003658612509395734,1003627288489642325,1003498152840693174,1003450590325662357,1003422833821822775,1003408317513590732,1003390450581799027,1003359745089533037,1003354726659715644,1003332271364637934,1003301383701467163,1003223874409020729,1003217510555694102,1003193173892436416,1003130885499602173,1003085262198111791,1003017506679922357,1002942396342079553,1002937124041130619,1002832868343411422,1002775881531968950,1002775324763531710,1002729548439607537,1002698333679468784,1002633881707361616,1002542668334410028,1002537813236831916,1002536853947574138,1002457038815515245,1002448578365179088,1002414805816015983,1002383243212644301,1002347167535314403,1002261901441799363,1002249703091098562,1002231229660435904,1002200036107263168,1002174510785407081,1002151792246106218,1002095926810957404,1002092398780241960,1002027100716107421,1001995827414478134,1001981999070147911,1001950755730222508,1001886785333440538,1001749964724236958,1001718382542220905,1001708051449551318,1001631156047451471,1001629541107141392,1001528043273980366,1001522901889972200,1001503260221742943,1001473845896538642,1001443197656291371,1001433945498246000,1001383648215634834,1001352637119029642,1001333180708919229,1001246522989465462,1001231238437185913,1001214529366494092,1001206303137830840,1001121431948998989,1001058581421560238,1001031339721822948,1001007584694287891,1001006376595335488,1000963848716074251,1000918819141778175,1000890855971176977,1000827461268367372,1000821242472610109,1000783992921054876,1000774190729720682,1000751792500021001,1000645128254783121,1000637682453972624,1000600466062872549,1000593335198992804,1000580058994455185,1000571536101535686,1000530873764351879,1000505411057024203,1000333132086087494,1000285644914318150,1000201398445386598,1000187762990548958,1000125738660173591,1000125418137239282,1000056106579195931,1000025500692514940
2023-12-28T16:25:14.401Z| 212, in: 1000000000000000000, out: 1031915536465757010,1031568481913736060,1025747975574795178,1024708251480050521,1024075131932165091,1023212547895392987,1022465557450882599,1019032248760766435,1018588882345898635,1017985008503883514,1017670385744130494,1017369133597899737,1017347326572788509,1016871241021121728,1016652296692903504,1016560296748536490,1016552378317322652,1016478544171625796,1016418869471456043,1016339203784654576,1016107921196857587,1015935580405294742,1015543170099137331,1015535386874473251,1015381395814304738,1015222632757360258,1015090781456390007,1014979356716054598,1014557552728751016,1014267361060104297,1012857814315757810,1012822269076213673,1012734211839412094,1012086656918169281,1011780514365471803,1011580287224112207,1011531529373938056,1011247610982231233,1011225381986336157,1010993012273475086,1010777781956141044,1010624578430116228,1010593674257159020,1010284691539378448,1010223602593411446,1010092292447683747,1009779172503645811,1009753219462152303,1009742317814647018,1009672102288451732,1009661585103411976,1009636756534207452,1009368523047350803,1009323636393454740,1009150092995939587,1009007671453905429,1008999984607349174,1008884912704149987,1008754947443112090,1008592046752515389,1008388547725623374,1008326537862552318,1008299410689460578,1008187211415501231,1008024679431594791,1008018424733346855,1007899248176039523,1007470274536109884,1007281073858929642,1007245595104211930,1007177623175992303,1007102105956510982,1007008802411933287,1006972336112423190,1006788439190754228,1006534797935346743,1006390210346615476,1006147403054666880,1006084420271325875,1006050986331934057,1005926532213400106,1005912833710856811,1005866969978293609,1005782832371135749,1005778225439895196,1005746312116846070,1005676376936148769,1005527643340532691,1005383197757778436,1005274522331185246,1005273384366752727,1005217925370437013,1005178947929602326,1005073523616245520,1004966277597817102,1004919180727024438,1004906289980544092,1004840894277936007,1004781492135368041,1004715584790829007,1004596760546640394,1004587334740902614,1004407339819852814,1004370484272909152,1004363979310610308,1004338246407271407,1004318985098862164,1004296508523249509,1004284033918643883,1004220479507061786,1004139650179753899,1004127957539669424,1004049265269080850,1004028260538180285,1004027327979998288,1004000419657994678,1003991486598413392,1003981220946778417,1003958751937717966,1003956677632778735,1003867727423844501,1003776059592843357,1003711591915912159,1003690536721276726,1003664826990950709,1003562590851005528,1003466873111858347,1003398714536905617,1003301383701467163,1003227624575347722,1003217510555694102,1003138618166645733,1003130885499602173,1003017506679922357,1003014483457573153,1002986830016077920,1002982235780617783,1002942396342079553,1002937124041130619,1002917977104807429,1002832868343411422,1002775324763531710,1002681090208283022,1002677883022904777,1002677097477157499,1002537813236831916,1002536853947574138,1002414805816015983,1002383243212644301,1002361808339678019,1002343877439019446,1002249703091098562,1002213619472562430,1002200036107263168,1002174510785407081,1002151792246106218,1002095926810957404,1002092398780241960,1002000077624251351,1001969618710790095,1001948215408797377,1001905310686059331,1001886785333440538,1001749964724236958,1001715578304895509,1001710631790880062,1001632645451560573,1001629541107141392,1001551190312262165,1001528043273980366,1001488760689186985,1001433945498246000,1001401799679689785,1001373745717022627,1001358752534257793,1001333180708919229,1001206303137830840,1001178563419827650,1001122960333249746,1001065017571034960,1001064095510307901,1001058581421560238,1001050299591109366,1001017327890050370,1000997377147695623,1000963848716074251,1000945565877001798,1000890855971176977,1000868178484689307,1000821242472610109,1000695189703275712,1000689033869390294,1000670756192852986,1000637238321710254,1000600466062872549,1000580058994455185,1000571536101535686,1000531576014057918,1000530873764351879,1000478818497523735,1000436235453445374,1000392213006752337,1000358645467477616,1000334220182334706,1000285644914318150,1000162129928143187,1000153843448432921,1000125738660173591,1000125418137239282,1000062314473301250,1000057836165818674,1000055770764789168
2023-12-28T16:27:28.263Z| 202, in: 1000000000000000000, out: 1030408089893783205,1028770206912053918,1025747975574795178,1024708251480050521,1023212547895392987,1022465557450882599,1021263526473889419,1019896193996140403,1019032248760766435,1018400736821693809,1017985008503883514,1017976475499452580,1017670385744130494,1017369133597899737,1017069817699799673,1016765403388299550,1016552378317322652,1016478544171625796,1016418869471456043,1016339203784654576,1015995552919405966,1015935580405294742,1015648371055080566,1015381395814304738,1015222632757360258,1015090781456390007,1014979356716054598,1014515592140120031,1014267361060104297,1014149456333415932,1013138548466750799,1012857814315757810,1012086656918169281,1011784389604319826,1011670069878705215,1011654636259508314,1011632528459427358,1011531529373938056,1011205281559245666,1011114935755316396,1010777781956141044,1010673147360929791,1010593674257159020,1010403764336204771,1010292259942441179,1010223602593411446,1010112094672626295,1009661585103411976,1009636756534207452,1009627253617872331,1009494303925923804,1009368523047350803,1009335757641620370,1009210483910576743,1009150092995939587,1009147906877532420,1008884912704149987,1008718444749334293,1008592046752515389,1008388547725623374,1008326537862552318,1008299410689460578,1008187211415501231,1007906999509124935,1007543240013930006,1007504783093809769,1007470274536109884,1007281073858929642,1007177623175992303,1007008802411933287,1006886675633644247,1006840398756133531,1006730381975608360,1006534797935346743,1006426652380008577,1006407002860477885,1006390210346615476,1006270870180524542,1006253994497622207,1006147403054666880,1006084420271325875,1006050986331934057,1005782832371135749,1005778225439895196,1005639529591859295,1005495068160015332,1005341710483760832,1005274522331185246,1005273384366752727,1005271803044603662,1005217925370437013,1005073523616245520,1004970179430703903,1004919180727024438,1004864416275198889,1004855075351717047,1004781492135368041,1004715584790829007,1004648383332120639,1004587334740902614,1004362647312436761,1004310197351488437,1004296137488033363,1004287407806202454,1004284033918643883,1004170720274329048,1004139650179753899,1004127957539669424,1003991486598413392,1003956677632778735,1003887753649757885,1003851327990214188,1003710149979507484,1003562590851005528,1003538852415422274,1003466873111858347,1003403831848739406,1003398847250947649,1003398714536905617,1003389820978496984,1003227624575347722,1003217510555694102,1003150594208896303,1003130885499602173,1003113730711072291,1003098437470840914,1002982235780617783,1002937124041130619,1002870536886902654,1002867460518937155,1002851430614456891,1002832868343411422,1002828986539214091,1002806382367290208,1002797716422477147,1002677883022904777,1002539145197199949,1002537813236831916,1002536853947574138,1002500247459389270,1002449442655844862,1002414805816015983,1002383243212644301,1002361808339678019,1002258278866244437,1002249703091098562,1002200036107263168,1002185241325804550,1002151792246106218,1002113982775737836,1002092398780241960,1002000077624251351,1001948215408797377,1001905310686059331,1001886785333440538,1001838071521142001,1001749964724236958,1001629541107141392,1001551190312262165,1001548688907201972,1001528043273980366,1001488760689186985,1001470181334041186,1001433945498246000,1001275616633166283,1001256605805113561,1001234196816140202,1001215904104867318,1001108766291311077,1001104547361404257,1001066385129368267,1001064095510307901,1001056949334982766,1001050299591109366,1000963848716074251,1000911695129458733,1000890855971176977,1000855183353465720,1000821242472610109,1000716903610208231,1000689033869390294,1000661453152529643,1000637238321710254,1000600466062872549,1000580058994455185,1000573474338938432,1000571536101535686,1000530873764351879,1000527906932526335,1000523874380031485,1000505461414061387,1000478818497523735,1000436235453445374,1000290592385895205,1000246848999941360,1000188011722033403,1000173601004292384,1000162129928143187,1000153843448432921,1000125738660173591,1000057836165818674,1000030763692220257
2023-12-28T16:33:30.795Z| 110, in: 1000000000000000000, out: 1027366660845015935,1025747975574795178,1024563417318080722,1024500457392472266,1023673339353913740,1023212547895392987,1023172705801576262,1022996978890032220,1019032248760766435,1017369133597899737,1017169589949049060,1016478544171625796,1016438416270164485,1016328301405649581,1016261429296220647,1016105545862023911,1015935580405294742,1015381395814304738,1015341678660476238,1015211742187712144,1015045251655940045,1014989233416461871,1014979356716054598,1014784665067566891,1014690766397056038,1014267361060104297,1014095893445049389,1013885674945107369,1013017776277169878,1012305605336309076,1012097313731157771,1011978151002001574,1011904803501442465,1011767919836265159,1011750481249913789,1011603221731289005,1011542186355229043,1010593674257159020,1010392731394602050,1010070523537134808,1009900973171399990,1009387938383192530,1009150092995939587,1009094959731605415,1009006577960942634,1008961164885969666,1008791609169284048,1008592046752515389,1008552053164198616,1008546478601561186,1008337195815552430,1008253564362214590,1008187211415501231,1007991167241990913,1007470274536109884,1007297619006083497,1007085945221083631,1006516995136501901,1006232476467492759,1005832488009524841,1005752063099610797,1005494975762653962,1005285252367012016,1005165271048273847,1005062740405103229,1004953596640789997,1004936038392232500,1004842474472861230,1004787768720792595,1004726314834926941,1004315042429507994,1004276281786654169,1004139650179753899,1003456106898862558,1003455515140438921,1003448683327860036,1003424505871409203,1003360472677325441,1003244591787891875,1003238389054475898,1003236195984184391,1003073886173216540,1002667125157598629,1002557360539726199,1002550079015961749,1002536853947574138,1002447388580681186,1002262391588683053,1002127688608854454,1002058295080047825,1001956982731234074,1001886184983547579,1001788405904244215,1001749964724236958,1001710190734254160,1001499490781035558,1001039558946579578,1001011513250933077,1000820181998568391,1000678297047367922,1000641227257564455,1000626502047733270,1000458999922903999,1000407216367727349,1000373835325123037,1000264768124386923,1000186934632626735,1000164503879481515,1000125738660173591,1000035609360061850
2023-12-28T16:34:04.267Z| 14, in: 2000000000000000000, out: 2023356167538290145,2023000008849755937,2014305408723372397,2012011164459978098,2011575429417850460,2011046255746501091,2010907736959684169,2010090462045466850,2009574417161087914,2009230170850814937,2007149925533484401,2003162583315625498,2002803134481796534,2000825369091197250
2023-12-28T16:35:05.854Z| 0, in: 5000000000000000000, out: 
2023-12-28T16:37:02.608Z| 0, in: 3000000000000000000, out: 
2023-12-28T16:37:23.717Z| 0, in: 2000000000000000000, out: 
2023-12-28T16:37:59.008Z| 69, in: 1000000000000000000, out: 1016324630911866990,1016105545862023911,1015389361291806122,1014814695590739963,1014095893445049389,1014061018573520505,1013888581200220893,1013388701786869987,1013350919914342043,1013146509592086377,1012695058886613960,1012458674659330215,1011978151002001574,1011771795076501686,1011750481249913789,1011546061620351970,1010070523537134808,1010041457818232960,1009260549840186866,1008546478601561186,1008341071434024019,1008021406320166129,1007297619006083497,1007262502622063906,1007088871587196106,1006585536442168403,1006547493655377235,1006341672389665605,1006232476467492759,1005887109576879553,1005649098033341164,1005165271048273847,1005059110031462068,1004957498473745034,1004936038392232500,1004913376138201082,1004850458722964330,1004842474472861230,1004730216669105004,1004165695465018257,1004134066917034476,1003452482247972686,1003448683327860036,1003244591787891875,1003242013172882427,1003236195984184391,1003215327971087418,1003187658417733773,1002528897839311795,1002429106317495534,1002169576563550268,1001968008452894978,1001918696114056031,1001914708999663209,1001886184983547579,1001710190734254160,1001654882295504270,1001503392632577489,1001360078177579912,1001195175336758121,1000979379814868971,1000944967757601879,1000674682291511654,1000622887476386969,1000569597864026080,1000458999922903999,1000407216367727349,1000273640513322190,1000032565142611615
2023-12-28T16:41:42.134Z| 70, in: 1000000000000000000, out: 1014544736735677921,1014459396282409077,1014407828257054573,1014320260004553661,1014270267283659145,1014176299266997358,1014123987066394613,1014118174594855098,1013987393731104565,1013981581236977343,1013894393709727055,1013888581200220893,1013554360287014849,1013417764738102953,1013323794442354106,1010945390427188472,1009440760913364279,1007826503520873183,1007611715476400942,1007603727327388393,1007518056186873552,1007473200900671277,1007378581773870332,1007325907203084704,1007320054472761206,1007188368027993159,1007182515296559496,1007094724319385627,1007088871587196106,1006752339406845077,1006614800122957270,1006520180884142427,1006232476467492759,1006051793569395089,1005727482359348562,1005642830365669652,1005504889196242005,1005249437131836107,1004850458722964330,1004125432120916214,1004119808804622692,1004035282440208621,1003897559204750927,1003720845997366486,1002796586711672683,1002659630095671163,1002610542159374207,1002565596875075860,1002169576563550268,1001968008452894978,1001918696114056031,1001861032465623705,1001776682662351167,1001639265637333158,1001288372043138375,1001204067012585201,1001116751276365791,1001066727622710559,1001032459664528387,1000895143541355355,1000850858300010499,1000781834236546525,1000761064998741276,1000670386072830570,1000569597864026080,1000404826333011894,1000320590389066808,1000183370782866838,1000090329696056482,1000000462080813639
2023-12-28T16:43:15.603Z| 40, in: 1000000000000000000, out: 1015260665690647949,1015221278789877446,1014395138057262190,1014355751109869127,1014243498298159158,1013612322079871912,1013378954135772004,1012567179092179265,1012528427547468568,1011715604051256659,1011676851567717131,1011566406755237991,1011135860984289331,1010945390427188472,1010715776307688053,1010084224073395834,1008508691524040176,1007794388034972169,1007473891152620715,1006836900314377633,1006798603012755812,1004694068822552859,1003466238943355572,1003426927668923452,1003328013743307798,1003068349236755729,1002451355774933983,1002279739570011874,1002232347872895967,1002169576563550268,1001189560379703443,1000961193971634295,1000922504685867667,1000886347643986723,1000825155611531217,1000783867393178342,1000609576890524619,1000569597864026080,1000432645993283810,1000171388720108117
2023-12-28T16:44:14.866Z| 33, in: 1000000000000000000, out: 1016241398835708172,1016054311289086586,1015464492868236522,1015019420890129178,1014833317703916735,1014243498298159158,1013532078779807281,1013348013614773166,1012767717653458191,1012329825210292006,1012146722549161856,1011566406755237991,1004694068822552859,1003974214136759758,1003564420985386304,1003225432418622409,1003068349236755729,1003039289938929939,1002451355774933983,1002320608458693385,1002169576563550268,1001461128265449396,1001345385094686063,1001102650347232777,1001057822386326658,1000950280320219251,1000783867393178342,1000724196886768821,1000569597864026080,1000545571893244999,1000540998047511317,1000274303880383459,1000267516186740043
2023-12-28T16:53:08.458Z| 6, in: 1000000000000000000, out: 1004310835657523866,1003848222438857663,1003109095557646696,1001337131560468915,1001335916132593479,1000931571176465218
2023-12-28T16:54:33.853Z| 5, in: 1000000000000000000, out: 1004151646253268299,1001234113467802287,1001019421915572600,1000927143081560151,1000577002642392180
2023-12-28T16:55:43.888Z| 19, in: 1000000000000000000, out: 1004982444777613277,1004203850481393810,1004151646253268299,1003875618531563014,1003187344841007611,1002833278679032248,1002792365039541932,1002425949671402413,1002336468486713216,1001901935976487731,1001796690911073493,1001740397844455128,1001568618506739614,1001234113467802287,1001019421915572600,1000996047643575846,1000944630530673917,1000538216374066957,1000229210710036803
2023-12-28T16:58:19.746Z| 146, in: 1000000000000000000, out: 1013402200314764816,1012084703224066164,1012058115607817430,1010764063154414347,1010721083002442159,1010517092372470676,1010408777518113828,1009467699504778210,1009441537901719270,1009267970401716253,1008125904679207084,1008108560095406941,1008082958319676870,1007925174828466143,1007818590938114707,1007527343011829693,1006908963222716843,1006864903569283404,1006820058765313967,1006714026461693553,1006695996228454279,1006642364648699410,1006597797605437451,1006379937875631214,1006233719994263160,1006144113545532137,1005762263339233901,1005692142389498778,1005673460275903960,1005624361326450029,1005555060383736004,1005529866158487960,1005501883770300664,1005451452601118495,1005414460625677586,1005234595313416841,1004983091369317064,1004816755194707326,1004711393560670358,1004578460636252557,1004374541247748287,1004335453872795731,1004331181577239883,1004327365046414852,1004287049177778168,1004257452141349053,1004182701093631051,1004112177391643853,1004089805014689409,1004073146496790420,1004068318080675424,1003908872205072248,1003853917251734966,1003710020135259545,1003674516109299574,1003671850734302176,1003621835639973467,1003353507217553824,1003265869796238804,1003246042607894021,1003239283160729572,1003212481340078505,1003177033550334051,1003169370151629019,1003158647653089071,1003138844751192863,1002940159345833054,1002903753658634516,1002898580264561396,1002895417157119348,1002789279590828041,1002726738532455961,1002644495639995749,1002528842707750762,1002349122658256312,1002315516329855354,1002211822732556673,1002147260889150662,1002113798992638779,1002097001267612351,1002080993925776688,1002051745788736585,1002037380795961206,1001950095075861444,1001871547163260380,1001854593666175185,1001847330158308598,1001841832377517315,1001833871517991696,1001795725870414678,1001784109059757096,1001765064577651184,1001753294631193198,1001731879853510973,1001727782107808701,1001661807723584606,1001649006722970983,1001600068968996170,1001583673883086399,1001576139484440264,1001539081312908007,1001508015476574563,1001447144760587111,1001421996978255637,1001372308116470603,1001368369345515462,1001264976600354660,1001202277298331719,1001191345128365232,1001188721874160218,1000946517906642832,1000932629596725393,1000928473332868651,1000875407785654562,1000845439216030705,1000789154459480485,1000788385090791302,1000788385090791302,1000762987678244359,1000736609091305957,1000706402942946061,1000694178642053602,1000664135217818915,1000651512678356037,1000651512678356037,1000643253945970193,1000627462343881226,1000603566964158330,1000593228941809232,1000565844320845750,1000459409587569027,1000427663498528704,1000424550313181688,1000393464339382834,1000362997365342686,1000320087722828220,1000313258499956592,1000224438904924680,1000220216707578811,1000202492210186940,1000126670744271679,1000064634993584024,1000063759589883332,1000062085743862783,1000026674582735394,1000022293128981484
2023-12-28T16:59:00.771Z| 150, in: 1000000000000000000, out: 1013402200314764816,1012084703224066164,1012058115607817430,1010764063154414347,1010721083002442159,1010517092372470676,1010408777518113828,1009467699504778210,1009441537901719270,1009267970401716253,1008125904679207084,1008108560095406941,1008082958319676870,1007925174828466143,1007818590938114707,1006864903569283404,1006817999583348253,1006714026461693553,1006695996228454279,1006642364648699410,1006379937875631214,1006233719994263160,1006200055057263263,1006144113545532137,1006111213177631663,1005889108462208613,1005762263339233901,1005692142389498778,1005673460275903960,1005624361326450029,1005555060383736004,1005529866158487960,1005501883770300664,1005451452601118495,1005414460625677586,1004711393560670358,1004578460636252557,1004526865696891404,1004335453872795731,1004331181577239883,1004327365046414852,1004285022706709605,1004182701093631051,1004112177391643853,1004110733487857413,1004089805014689409,1004073146496790420,1003908872205072248,1003853917251734966,1003837974570578061,1003799571682356821,1003710020135259545,1003676889447576618,1003674516109299574,1003621835639973467,1003589457311060644,1003566200241335089,1003372216328608869,1003370876048867296,1003353507217553824,1003246042607894021,1003239283160729572,1003212481340078505,1003177033550334051,1003158647653089071,1003138844751192863,1002965221098464042,1002940159345833054,1002903753658634516,1002898580264561396,1002574616958825399,1002528842707750762,1002466601215242369,1002428220413608163,1002395403153564267,1002211822732556673,1002189334035676500,1002147260889150662,1002113798992638779,1002097001267612351,1002084240618112814,1002080993925776688,1002030215527841221,1001992076639537710,1001917827688795598,1001854593666175185,1001841832377517315,1001833871517991696,1001795725870414678,1001753294631193198,1001727782107808701,1001661807723584606,1001649006722970983,1001620666476285410,1001600068968996170,1001583673883086399,1001576139484440264,1001539081312908007,1001508015476574563,1001447144760587111,1001421996978255637,1001372308116470603,1001368369345515462,1001354583647005382,1001352220107679419,1001314424244961664,1001313468324637744,1001191345128365232,1001141984762405796,1001084740820889930,1000993814213111142,1000954798277154011,1000932629596725393,1000928473332868651,1000893821389675894,1000877992195846609,1000875407785654562,1000845439216030705,1000799216719458373,1000788385090791302,1000788385090791302,1000762987678244359,1000736609091305957,1000707148280152611,1000706402942946061,1000664135217818915,1000651512678356037,1000651512678356037,1000627462343881226,1000619976830567688,1000565844320845750,1000560920851718327,1000506682934804231,1000497385941225555,1000493252505105213,1000478206565420848,1000427663498528704,1000402047286933969,1000362997365342686,1000313258499956592,1000224438904924680,1000220216707578811,1000202492210186940,1000126670744271679,1000111900327918665,1000108811817924706,1000063759589883332,1000062085743862783,1000026674582735394,1000002499779384415
2023-12-28T16:59:41.631Z| 4, in: 2000000000000000000, out: 2006387237652735277,2002281782521630091,2001037849647166614,2000859863821597879
2024-01-29T13:44:17.514Z| 0, in: 2000000000000000000, out: 
2024-01-29T13:44:35.060Z| 0, in: 1000000000000000000, out: 
2024-01-29T13:44:59.079Z| 0, in: 1000000000000000000, out: 
2024-01-29T13:45:24.446Z| 3, in: 100000000000000000, out: 101733759844073910,101420660405630087,100236627294922963
2024-01-29T13:45:59.252Z| 3, in: 100000000000000000, out: 101733759844073910,101420660405630087,100236627294922963
2024-01-29T13:48:19.192Z| 3, in: 100000000000000000, out: 101733759844073910,101420660405630087,100236627294922963
2024-01-29T13:55:55.752Z| 3, in: 100000000000000000, out: 101727457418581789,101414385425183612,100161331343068566
2024-01-29T13:58:49.424Z| 1, in: 100000000000000000, out: 100161331343068566
2024-01-29T13:59:15.471Z| 1, in: 100000000000000000, out: 100161331343068566
2024-01-29T14:01:15.784Z| 2, in: 1000000, out: 1001649,1001441
2024-01-29T14:02:11.471Z| 2, in: 1000000, out: 1001649,1001441
2024-01-29T14:05:00.414Z| 0, in: 1000000, out: 
2024-01-29T14:05:20.731Z| 2, in: 1000000, out: 1001625,1001441
2024-01-29T14:06:04.930Z| 0, in: 10000000000000000, out: 
2024-01-29T14:06:57.533Z| 0, in: 1000000000000000, out: 
2024-01-29T14:07:20.692Z| 0, in: 1000000000000000, out: 
2024-02-04T19:40:43.636Z| 0, in: 1000000000000000, out: 
2024-02-04T19:41:25.327Z| 0, in: 1000000000000000, out: 
2024-02-04T19:42:52.775Z| 0, in: 1000000, out: 
2024-02-04T19:43:23.200Z| 0, in: 1000000, out: 
2024-02-04T19:44:08.314Z| 0, in: 1000000, out: 
2024-02-04T19:44:45.817Z| 0, in: 1000000, out: 
2024-02-04T19:45:10.852Z| 4, in: 1000000, out: 1001001,1000804,1000732,1000535
2024-02-05T10:24:27.344Z| 18, in: 1000000, out: 1004973,1004539,1004097,1003968,1003839,1003527,1003405,1002835,1002394,1002284,1001856,1001843,1001153,1000776,1000713,1000563,1000097,1000059
